4 0.52578125 0.49140625 0.1109375 0.20234375
4 0.4484375 0.5484375 0.09921875 0.20859375
4 0.62421875 0.575 0.09921875 0.2359375
4 0.5671875 0.7046875 0.09140625 0.18671875
4 0.66875 0.8375 0.0859375 0.14921875
4 0.44453125 0.7671875 0.084375 0.14296875
4 0.38125 0.84375 0.05546875 0.14140625
4 0.43828125 0.9 0.0703125 0.14609375
4 0.9 0.61171875 0.0640625 0.1
4 0.90703125 0.06484375 0.0796875 0.1203125
4 0.37890625 0.13359375 0.08046875 0.14375
4 0.503125 0.14921875 0.09609375 0.1421875
4 0.96640625 0.6203125 0.0671875 0.134375
4 0.07890625 0.6625 0.10546875 0.1546875
4 0.61484375 0.21953125 0.05390625 0.10078125
4 0.6109375 0.36640625 0.053125 0.09921875
4 0.0921875 0.4625 0.08203125 0.1109375
4 0.5421875 0.0421875 0.1125 0.084375
4 0.63828125 0.06015625 0.078125 0.1203125