4 0.5092837909744492 0.4980280422280905 0.15011497492717538 0.22293269780928657
4 0.4449234257724699 0.42964776675955446 0.14083090314042063 0.22578491316955046
4 0.6221307834526019 0.4291750906578802 0.146336757059629 0.2540463054894186
4 0.5925378748353978 0.2926525689502678 0.12769440564770312 0.20354620031656906
4 0.7192715225655422 0.17577965452707595 0.11566576708875882 0.1657279515702103
4 0.48479122248639983 0.2130452884671668 0.11231344655564542 0.15782452335696498
4 0.43887698040395867 0.1277359257724699 0.08400659012915472 0.1507561694377567
4 0.5058204394960164 0.08051393329431729 0.09985891066226812 0.15902331050398355
4 0.8999148026529318 0.4328012296790429 0.08286998746358769 0.11169366943775678
4 0.7968804500538716 0.9424012017032244 0.10195495658477541 0.07009720282385175
4 0.29275054269030887 0.8306145363555958 0.10923391066226813 0.15929609514371953
4 0.4175686862638182 0.8332274078257813 0.12329641066226812 0.15970527210332364
4 0.9545113744396865 0.43433498594724906 0.0682451978092864 0.14561402837152998
4 0.10550688776752153 0.2638913522698556 0.13620558762187224 0.1741314849563052
4 0.540898537675744 0.7796812075092121 0.0734949874635877 0.11142088479802066
4 0.5670016995916534 0.6337322100164946 0.07340405925034225 0.10829588479802066
4 0.07861646417312969 0.4637238677092618 0.10359166442319179 0.12634720282385156
4 0.4332043949601645 0.939713088546309 0.12772784639736087 0.0973871285298145
4 0.5326504654932779 0.9290136177757689 0.10161998746358769 0.11223923871722903