4 0.5421057206807234 0.48984375 0.1323115361123346 0.209375
4 0.4708234869227921 0.5515625 0.12159229092165802 0.215625
4 0.6486855920949353 0.56640625 0.12408237386128267 0.2421875
4 0.605667256793058 0.69921875 0.11139883538669526 0.1921875
4 0.7209971348306918 0.825 0.1022768065307547 0.1546875
4 0.4901811552491119 0.7703125 0.09893355172143128 0.1484375
4 0.43520596777031645 0.8515625 0.07069942431676957 0.1453125
4 0.4979440699472347 0.903125 0.08492561542376223 0.15
4 0.9274107928205748 0.58359375 0.07396826805616712 0.1046875
4 0.8767460384745874 0.05 0.09099207694917481 0.1
4 0.35889882876327334 0.14296875 0.09580855172143128 0.1484375
4 0.48414436542376216 0.15 0.11143355172143128 0.1484375
4 0.9762177927357566 0.58671875 0.04756441452848677 0.1390625
4 0.11555068828140369 0.69140625 0.12124506134007813 0.1609375
4 0.6027331635169964 0.2125 0.0645932680561673 0.1046875
4 0.6141121515360968 0.359375 0.06297620435383636 0.103125
4 0.10778528438305415 0.49140625 0.09310021397248333 0.115625
4 0.5108755018140986 0.04296875 0.1217510036281972 0.0859375
4 0.6090228251350762 0.05703125 0.08992065027015243 0.1140625