4 0.7326846833227277 0.07637965105671339 0.2690056333545446 0.15275930211342678
4 0.7054211072963199 0.2685337721573934 0.3075601507001803 0.24864762002052548
4 0.4673773093173189 0.1170506237329586 0.3089953813653622 0.2341012474659172
4 0.8572877638845053 0.8457361007108121 0.2683340186982711 0.23435786104353512
4 0.6468428019175947 0.60322693472518 0.3096317280394526 0.2924067103796052
4 0.45032343260663915 0.4395376603282914 0.28248742536599847 0.24225217427525153
4 0.2569563352960017 0.27348645521324366 0.3583419480426343 0.3161260115110732
4 0.3118036359007318 0.7293864763886784 0.3204237773710892 0.27997034289316236
4 0.16103585530713757 0.52873755747618 0.32207171061427514 0.28939988504764
4 0.2354758512094602 0.9110682684449604 0.31297380935708974 0.1768089814568441
4 0.5284269672183689 0.8437433712970718 0.32187718936981646 0.27060443325224204