4 0.30598968505860125 0.925 0.27605575973923263 0.15
4 0.3160117471540357 0.73828125 0.31702740746575647 0.259375
4 0.566108978890091 0.878125 0.31831717207625304 0.24375
4 0.12793190543716154 0.16796875 0.25428194561520334 0.2453125
4 0.3476342995102374 0.4015625 0.320916066556366 0.303125
4 0.5573519930968459 0.55546875 0.2934808133099551 0.253125
4 0.763999233761355 0.7125 0.37291494317957136 0.328125
4 0.6717149074657565 0.259375 0.33163537824476313 0.290625
4 0.8354307597392326 0.45078125 0.32913848052153477 0.3015625
4 0.7319278843338431 0.08359375 0.32010576866768636 0.1671875
4 0.4456824671255588 0.15546875 0.3330342370110612 0.28125