4 0.43359375 0.45546875 0.115625 0.35390625
4 0.57890625 0.73046875 0.11328125 0.32890625
4 0.528125 0.10625 0.16171875 0.2125
4 0.6046875 0.378125 0.140625 0.3703125
4 0.2296875 0.7 0.11171875 0.253125
4 0.05546875 0.1421875 0.05390625 0.13984375
4 0.04140625 0.36171875 0.05390625 0.13828125
4 0.13125 0.23125 0.05390625 0.16171875
4 0.83515625 0.3 0.0515625 0.15703125
4 0.78046875 0.5265625 0.05703125 0.16875
4 0.84375 0.54375 0.0609375 0.17578125
4 0.77578125 0.85078125 0.05546875 0.17890625
4 0.828125 0.778125 0.05 0.15390625
4 0.928125 0.6703125 0.05078125 0.12265625
4 0.87578125 0.90234375 0.053125 0.1609375
4 0.9265625 0.846875 0.05 0.1203125
4 0.728125 0.5890625 0.05390625 0.16640625