4 0.5897793288480913 0.4746412994111783 0.18787703375008197 0.37078630935708984
4 0.4069395801140357 0.7177265860518612 0.18075401451278825 0.345713584022908
4 0.5445535865678217 0.1187907414067239 0.20473217313564335 0.22729084802672603
4 0.43060024708959316 0.36658225672340644 0.21671136188038317 0.3914260733609078
4 0.7572223223094874 0.7522588640992682 0.16407245680090732 0.270549952020999
4 0.9831150895630465 0.23640878679976662 0.03376982087390701 0.14732953333863605
4 0.9752157987262065 0.45424117679817577 0.0495684025475871 0.14603975334181776
4 0.9206051989963588 0.3098093767902216 0.0871428798517325 0.16969542934436319
4 0.21322671941477894 0.24691300469445326 0.08385418874473985 0.16497156667727228
4 0.23620046106207643 0.47989822736313503 0.09210319836338669 0.17756247334499947
4 0.17079371587139985 0.4853846113542263 0.09706351687504097 0.18542951734563573
4 0.19504227003990188 0.7996016526893627 0.09243058057737183 0.18693747334499947
4 0.15395098936986282 0.7186874600174992 0.08218256134007813 0.16182838534372673
4 0.06917170688572521 0.5943136213399087 0.07640378729346102 0.13052384134309047
4 0.0891841396400153 0.8319499813414997 0.08552581614940155 0.16811474801081766
4 0.05410724599328478 0.7667244233370453 0.05910715988879933 0.1271988466740906
4 0.27930810951813034 0.5514646920353166 0.08730657095872499 0.1743829293443632