4 0.42267005259391244 0.523457602732074 0.16206693204963402 0.37021687476889087
4 0.6029773599618199 0.2636099266303997 0.15708853071290693 0.3450804824490227
4 0.4685610712126419 0.8751277513201483 0.18851924936345305 0.22728522868809903
4 0.5816899692473221 0.6164537818032493 0.18884760805217943 0.3897397645814763
4 0.2531228106301835 0.2612938865138803 0.14527832670272564 0.26976223370266394
4 0.020763749283911365 0.800053824294037 0.04152749856782273 0.14676735141192587
4 0.028286442632092502 0.5803407178675464 0.056572885264185004 0.14556856426490725
4 0.0931627239020045 0.7189198330695257 0.07538290268936261 0.1693243130112659
4 0.7999939792330046 0.7155348248227625 0.07220335868872638 0.16454588479802065
4 0.7753410665977304 0.48508044668865946 0.07859880935709 0.17722774122451135
4 0.8410751545990032 0.47379595421050685 0.08335903469127146 0.18361413354437933
4 0.8142517619748648 0.1614012542896491 0.07870789735836255 0.18660274122451134
4 0.8563023546308198 0.23905724135752537 0.0706044960216353 0.16137542069139793
4 0.9408580732813661 0.3553067154932779 0.0671158693507266 0.13003449247815269
4 0.9201750453135009 0.11926992709261815 0.07380222135581711 0.16771634890464332
4 0.9632068826384558 0.17971568210718308 0.06551700668363551 0.12686402837152988
4 0.73239104527373 0.4176034416740945 0.07543744668999892 0.17401181301126592