4 0.6253347126432283 0.1580546621410064 0.13435791335136288 0.13590374525034732
4 0.6060472686187295 0.3389234556439925 0.1548885893539083 0.15512652393569457
4 0.8053296532861385 0.3288178377684715 0.1422795013526354 0.14546058320625005
4 0.47529616060632096 0.43334821571197873 0.14567722135581712 0.1689708183886113
4 0.5385206772358682 0.7052400930868051 0.14075336401972632 0.14854921561506948
4 0.6537376919160038 0.6033665089306244 0.14378745735199913 0.14080945079743062
4 0.6780917072326865 0.7254226936761453 0.15641472668681722 0.15203789152687505
4 0.5371383485439603 0.8911594092912148 0.14711245202099904 0.1580696859797918
4 0.8403008058959592 0.7466404641933673 0.13116018801718105 0.12958101006798622
4 0.8200932293125465 0.1339956470390271 0.1549794960216353 0.16293902393569457
4 0.6090529952657759 0.4833456028704509 0.13768290802036276 0.1531639804327085
4 0.8093246205840494 0.5895916836081591 0.12812609468490804 0.13732077488562505
4 0.4268212032543218 0.5719392434473954 0.12331132535009015 0.12627417211208342
4 0.5285200632559126 0.5578566000206593 0.11580790802036275 0.15265483415618064