4 0.6875 0.203125 0.1125 0.1140625
4 0.6359375 0.3765625 0.13046875 0.12890625
4 0.8328125 0.409375 0.11953125 0.12109375
4 0.49140625 0.4421875 0.11796875 0.14609375
4 0.5046875 0.72265625 0.11796875 0.12578125
4 0.63515625 0.646875 0.12265625 0.115625
4 0.6375 0.77265625 0.1328125 0.125
4 0.46953125 0.90546875 0.121875 0.13359375
4 0.7921875 0.828125 0.11171875 0.1078125
4 0.88203125 0.22109375 0.1296875 0.13671875
4 0.61328125 0.51953125 0.1125 0.13125
4 0.78984375 0.6671875 0.10703125 0.115625
4 0.41953125 0.56796875 0.10390625 0.10625
4 0.52109375 0.57578125 0.08984375 0.1359375