4 0.7114430239393968 0.8020213851413269 0.11923301542127547 0.11923301542127547
4 0.6506440714243347 0.6299185142001642 0.1366932508107789 0.13515802434972918
4 0.846042346181101 0.5934975933384319 0.1256193831160271 0.1271546095770768
4 0.5034866534052714 0.5664309383083074 0.1260557597392328 0.152154609577077
4 0.5017160531636854 0.2860167353862081 0.12413870373287814 0.13181483603812652
4 0.6357694991859258 0.35942873619698695 0.12866256249917624 0.12252165665497756
4 0.6320114793004235 0.23362021265803667 0.13976370373287814 0.13208757142762995
4 0.45714607264544593 0.1040439866040241 0.12896257142762996 0.13970915665497757
4 0.7832915612813601 0.1753418827056948 0.11756142126547413 0.11295574188232518
4 0.9047702840856665 0.781184553971169 0.13682961850553071 0.14297052434972918
4 0.6208184293798537 0.4872537272685332 0.11953302434972919 0.13642051542127548
4 0.7892257357932453 0.3363339297835955 0.11301028896022594 0.12068642126547413
4 0.4247831805976697 0.4424382848997408 0.10972164772652385 0.11125687418757338
4 0.5261411290555421 0.4324923149315129 0.09773984496658024 0.1407261858759707