4 0.3440549107287751 0.32199363809672593 0.1370239415410806 0.2022564849563052
4 0.5763709687254762 0.21146662971694868 0.14626254922121246 0.19784176959604133
4 0.4811397220906885 0.39400869358614454 0.1410749440483631 0.18051787727617324
4 0.6045484783588947 0.4523333221159591 0.14368311850068452 0.21650084138279588
4 0.5984024637774182 0.6366855900626478 0.16363190564770314 0.20459187476889085
4 0.9281895329903834 0.15915058960042933 0.14171144154108042 0.20239287727617325
4 0.8990462876092369 0.35456237800108903 0.18693301332783535 0.20058633636823106
4 0.32458218204067607 0.5075219611371218 0.12352373119538154 0.1675177721033238
4 0.25435328391482026 0.7713283968722144 0.10096676959604131 0.1434437746106063
4 0.39707799300687807 0.7301303985215672 0.12173391066226813 0.1596598079967011
4 0.45901936652212766 0.5630398384132951 0.14866012351524951 0.17293269780928675
4 0.4922791812492532 0.8173469051854848 0.13913201082055265 0.22105194906292808