4 0.3565927086250928 0.29367306661273773 0.13984539202736235 0.20636410580511538
4 0.5898875613065012 0.17697660681660565 0.149165848026726 0.2020039880191004
4 0.4924660266152296 0.3615549926587879 0.14273403469127147 0.186160733209777
4 0.6144313859405027 0.41664674202581564 0.14625902402927143 0.2206448606144388
4 0.6052547385821402 0.6012672786863045 0.16644425469445318 0.21041668874473984
4 0.9350097046467283 0.11416406045265193 0.1289260733609076 0.20754465988879928
4 0.9061836286203203 0.3096228933922765 0.18203289202736245 0.20783732576804842
4 0.3341166299331849 0.4803198947430388 0.12694540268936255 0.1715525961864685
4 0.25839682523077745 0.7461383569014236 0.10323518268618095 0.14729664065150558
4 0.402619539902959 0.7004934962869849 0.1237294960216353 0.1636309687818068
4 0.4670558519255489 0.5319046981937506 0.15043744668999892 0.17705855172143128
4 0.49612354455764135 0.7854736422959683 0.14162606802990788 0.22516866950744613