5 0.5940183758091313 0.37685547501393624 0.15441831330995512 0.2539976744716433
5 0.4618001651763942 0.3206231348512484 0.13649442775829587 0.21171018052176754
5 0.651246674511885 0.16470999901804134 0.1546365016215578 0.2664976744716433
5 0.8006154289761118 0.17417187831014486 0.17516718993316047 0.27911584913967835
5 0.7425064687471167 0.4253707639469601 0.2104694902574721 0.33244083703942984
5 0.8957911558409034 0.48016332395722283 0.14625125730360083 0.23363972267624522
5 0.5017429212621789 0.5950464179305397 0.15926945454365704 0.2633999455488823
5 0.2360673283241935 0.5458493520665446 0.1466876339268061 0.25863972267624524
5 0.3512498177708867 0.7449368127407372 0.15455468100470676 0.26181017447164334
5 0.33992298538620813 0.49880215612487894 0.12870920129724625 0.2132272287263694
5 0.6593975085181214 0.6764242038385015 0.1496217191541538 0.24772040339440443
5 0.8187236899298653 0.764061080105543 0.17492172808260734 0.2650533491396784