5 0.5984375 0.38125 0.1296875 0.2421875
5 0.47265625 0.31484375 0.115625 0.20234375
5 0.67734375 0.175 0.128125 0.25546875
5 0.825 0.196875 0.1484375 0.265625
5 0.74140625 0.4421875 0.17734375 0.31640625
5 0.88828125 0.50859375 0.1234375 0.2234375
5 0.48359375 0.59140625 0.13359375 0.25234375
5 0.2234375 0.5203125 0.12109375 0.24765625
5 0.31796875 0.728125 0.128125 0.25
5 0.33203125 0.48203125 0.10703125 0.2046875
5 0.63203125 0.68515625 0.12578125 0.2375
5 0.78203125 0.78515625 0.1484375 0.2515625