5 0.41660467525721023 0.3736225973901792 0.16399990924813695 0.2597033586887262
5 0.5512614763886784 0.32674869207508744 0.14345105991206672 0.2188420013526354
5 0.3686403948101975 0.1574248853834977 0.16407263212077386 0.27220335868872625
5 0.21941255445111785 0.1572510680299077 0.18602944535249044 0.2865203973583625
5 0.2663683259211401 0.41250218936981653 0.2222760175611974 0.34006356802990767
5 0.11141720550783125 0.4560147373488174 0.15451582493918153 0.24084427068745348
5 0.5004564587292851 0.5988322300684059 0.16875104176169414 0.27069540268936265
5 0.7678439466290368 0.567566238104677 0.15621468032537572 0.26429995202099904
5 0.6440650372827038 0.7591077534213596 0.1624828610435351 0.2674976773551808
5 0.6658092688377437 0.5132503607574503 0.1356385599120669 0.21875109468490822
5 0.33988205221162265 0.6688436433799978 0.15928513817089804 0.2549613146880899
5 0.1769275342576418 0.7450777846912716 0.18282263212077385 0.27242153469127145